moje beta:

 [-0.1808478, -0.04514863, -0.0703219,   0.01214615,  0.13921818, -0.18958119,
 -0.03438963, -0.36621884,  0.07949518,  0.51678871,  0.72168193, -1.24888311,
 -1.71779193, -0.92678352, -0.70592276, -0.36454616,  1.06252139,  2.15310653,
  1.26120603,  1.51733286,  1.40901412,  3.59401885,  0.90906687,  0.99027356,
  1.50522221,  1.10966054,  1.73054141,  1.70222247,  1.90471058,  2.33070486,
  2.25316857,  2.32586685,  1.97516,     2.31620244,  2.54751389,  2.24399616,
  0.57971172,  0.62967052,  0.73226037,  0.75628088, -2.1415363,  -2.31191978,
 -1.55977183,  2.20504777,  1.82258551,  1.91807353,  0.95718077, -1.6115163,
 -1.29428498, -1.55916883, -1.57566205, -1.41399027, -0.50100116,  0.29502885,
 -0.62618492, -0.52086052, -0.83572306, -1.09473733, -0.78640917]


 lib beta:

 [-0.289603,   -0.10777133, -0.16045743,  0.08780816,  0.27038308, -0.18833671,
   0.01742569, -0.92670722, -0.18089053,  0.51547187,  0.88067612, -0.57453902,
  -0.78203181,  0.25914997,  0.38162129,  1.00434982, -0.59619827,  1.33392709,
   0.33237689,  0.21021129,  0.17164594,  0.04270683, -0.67525405, -0.52948266,
   0.27502609, -0.2764089,  -0.29627951, -0.31687619,  0.36743094, -0.05802523,
   0.59230023,  0.2644575,  -0.48713026,  0.11038622,  0.47720339, -0.07636661,
  -0.1107993,   0.11024372,  0.10255082,  0.18655501,  0.02507995, -0.44110492,
   0.70457522,  0.73081336,  0.06433655,  0.10790468, -0.61450434,  0.00796758,
   0.11224068,  0.16834199, -0.31938796,  0.10998542,  0.49795279,  0.54488818,
  -0.10995337,  0.18753596, -0.33392053, -0.0801728,   0.36872305]


  [ -1.73667550e-01  -4.77771857e-02  -9.13854784e-02   8.34003199e-04
   1.41290367e-01  -1.57374476e-01  -2.14820501e-02  -2.25391119e+00
  -1.81290079e+00  -1.32630420e+00  -1.23575497e+00   1.21328673e+00
   1.11027452e+00   1.77922942e+00   1.94845113e+00   2.31519239e+00
   6.91352654e-01   1.68779087e+00   8.12351090e-01   1.13228066e+00
   1.03567027e+00   5.11620933e+00   1.61355267e+00   6.07136551e-01
   1.09404746e+00   8.00623183e-01  -1.95453406e+00  -2.01213515e+00
  -1.60658111e+00  -1.71070748e+00  -1.44963449e+00  -2.44411558e-01
  -6.25365167e-01  -2.97253472e-01  -8.50965913e-02  -3.46726008e-01
   7.64476475e-01   9.04665885e-01   9.91311842e-01   1.06713806e+00
   7.76911524e-01   5.35694156e-01   1.29802424e+00  -2.05380158e+00
  -2.38665896e+00  -2.31632870e+00  -3.02818280e+00   4.66934795e-01
   6.84543220e-01   5.30530981e-01   9.58679976e-01   1.07497606e+00
   1.71396430e+00   2.17509001e+00   2.09476360e+00   2.20567603e+00
   1.92089230e+00  -1.47943142e+00  -1.17803605e+00]